

Number of windows: 55
 Size of windows: 1
---------------------------------------------------------------------------------------------------------------------------------------------------------------------------------------------------------------------------------------------------------------------------------------
  SENTENCES   1   2   3   4   5   6   7   8   9   10   11   12   13   14   15   16   17   18   19   20   21   22   23   24   25   26   27   28   29   30   31   32   33   34   35   36   37   38   39   40   41   42   43   44   45   46   47   48   49   50   51   52   53   54   55
---------------------------------------------------------------------------------------------------------------------------------------------------------------------------------------------------------------------------------------------------------------------------------------
    refuse                                                                      1         1                                                                                    1                                                 1
     old                          1   1   1       1                   1         1         1                                                                                                                  1
     Viet                                                                                                                                                                                                                   1                                  1    1    1
     said                                                                       1                                                                                                        1                   1                                            1
     cut                                               1                                                                                                        1    1    1         1
    boxing                    1               1        1    1                                                                                                                            1
    boxer         1   1                       1             1
     lit                  1                                      1                             1              1                                       1                                       1                                                                          1
     box          1   1       1           1   1        1    1                                                                                                                            1
      U                                                               1                                                                                                                       1    1              1    1                                            1
     Clay     1                           1   1        1    1              1                        1              1    1    1    1    1         1    1    1    1         1
     Ali      1               1                                                 1    1    1    1                                                                                              1              1                   1    1                             1         1
      ai          1                               1    1    1                   1                                  1    1                                                 1              1         1         1                        1                   1    1                   1
     end                                                                        1    1              1                                  1                   1              1                                                                               1
    round                                                                                                          1                                       1    1         1
    medal                                                             1         1         1    1
    fight                                     1                                                          1    1    1    1    1              1
     hit                                                                        1                                                                          1    1                                                           1                                       1
     rate             1   1                                                               1                                       1                                                 1                                                                               1
     time             1                                                                                                                                              1                             1                   1
    weigh             1                                               1                                            1         1
     war                      1                                                      1                                                                1                                                                     1                   1    1
   amateur                                    1        1    1              1
    Liston                                                                                          1         1    1    1    1                   1    1    1    1    1              1    1
---------------------------------------------------------------------------------------------------------------------------------------------------------------------------------------------------------------------------------------------------------------------------------------






Number of windows: 28
 Size of windows: 2
---------------------------------------------------------------------------------------------------------------------------------------------------------------------------------------------------------------------------------------------------------------------------------------
  SENTENCES   1   2   3   4   5   6   7   8   9   10   11   12   13   14   15   16   17   18   19   20   21   22   23   24   25   26   27   28   29   30   31   32   33   34   35   36   37   38   39   40   41   42   43   44   45   46   47   48   49   50   51   52   53   54   55
---------------------------------------------------------------------------------------------------------------------------------------------------------------------------------------------------------------------------------------------------------------------------------------
     cut                                               1                                                                                                        1    1    1         1
    weigh             1                                               1                                            1         1
     old                          1   1   1       1                   1         1         1                                                                                                                  1
    boxer         1   1                       1             1
     hit                                                                        1                                                                          1    1                                                           1                                       1
    round                                                                                                          1                                       1    1         1
     said                                                                       1                                                                                                        1                   1                                            1
     Clay     1                           1   1        1    1              1                        1              1    1    1    1    1         1    1    1    1         1
     time             1                                                                                                                                              1                             1                   1
     war                      1                                                      1                                                                1                                                                     1                   1    1
      U                                                               1                                                                                                                       1    1              1    1                                            1
     rate             1   1                                                               1                                       1                                                 1                                                                               1
     lit                  1                                      1                             1              1                                       1                                       1                                                                          1
    medal                                                             1         1         1    1
    Liston                                                                                          1         1    1    1    1                   1    1    1    1    1              1    1
     Viet                                                                                                                                                                                                                   1                                  1    1    1
   amateur                                    1        1    1              1
    refuse                                                                      1         1                                                                                    1                                                 1
    fight                                     1                                                          1    1    1    1    1              1
      ai          1                               1    1    1                   1                                  1    1                                                 1              1         1         1                        1                   1    1                   1
     box          1   1       1           1   1        1    1                                                                                                                            1
     end                                                                        1    1              1                                  1                   1              1                                                                               1
     Ali      1               1                                                 1    1    1    1                                                                                              1              1                   1    1                             1         1
    boxing                    1               1        1    1                                                                                                                            1
---------------------------------------------------------------------------------------------------------------------------------------------------------------------------------------------------------------------------------------------------------------------------------------



Number of windows: 19
 Size of windows: 3
---------------------------------------------------------------------------------------------------------------------------------------------------------------------------------------------------------------------------------------------------------------------------------------
  SENTENCES   1   2   3   4   5   6   7   8   9   10   11   12   13   14   15   16   17   18   19   20   21   22   23   24   25   26   27   28   29   30   31   32   33   34   35   36   37   38   39   40   41   42   43   44   45   46   47   48   49   50   51   52   53   54   55
---------------------------------------------------------------------------------------------------------------------------------------------------------------------------------------------------------------------------------------------------------------------------------------
    weigh             1                                               1                                            1         1
     old                          1   1   1       1                   1         1         1                                                                                                                  1
     rate             1   1                                                               1                                       1                                                 1                                                                               1
     time             1                                                                                                                                              1                             1                   1
    medal                                                             1         1         1    1
    round                                                                                                          1                                       1    1         1
     cut                                               1                                                                                                        1    1    1         1
     Ali      1               1                                                 1    1    1    1                                                                                              1              1                   1    1                             1         1
     lit                  1                                      1                             1              1                                       1                                       1                                                                          1
      U                                                               1                                                                                                                       1    1              1    1                                            1
    fight                                     1                                                          1    1    1    1    1              1
     war                      1                                                      1                                                                1                                                                     1                   1    1
     box          1   1       1           1   1        1    1                                                                                                                            1
   amateur                                    1        1    1              1
     Clay     1                           1   1        1    1              1                        1              1    1    1    1    1         1    1    1    1         1
     Viet                                                                                                                                                                                                                   1                                  1    1    1
     end                                                                        1    1              1                                  1                   1              1                                                                               1
    boxer         1   1                       1             1
    boxing                    1               1        1    1                                                                                                                            1
    Liston                                                                                          1         1    1    1    1                   1    1    1    1    1              1    1
    refuse                                                                      1         1                                                                                    1                                                 1
     hit                                                                        1                                                                          1    1                                                           1                                       1
     said                                                                       1                                                                                                        1                   1                                            1
      ai          1                               1    1    1                   1                                  1    1                                                 1              1         1         1                        1                   1    1                   1
---------------------------------------------------------------------------------------------------------------------------------------------------------------------------------------------------------------------------------------------------------------------------------------



Number of windows: 14
 Size of windows: 4
---------------------------------------------------------------------------------------------------------------------------------------------------------------------------------------------------------------------------------------------------------------------------------------
  SENTENCES   1   2   3   4   5   6   7   8   9   10   11   12   13   14   15   16   17   18   19   20   21   22   23   24   25   26   27   28   29   30   31   32   33   34   35   36   37   38   39   40   41   42   43   44   45   46   47   48   49   50   51   52   53   54   55
---------------------------------------------------------------------------------------------------------------------------------------------------------------------------------------------------------------------------------------------------------------------------------------
     said                                                                       1                                                                                                        1                   1                                            1
     time             1                                                                                                                                              1                             1                   1
     old                          1   1   1       1                   1         1         1                                                                                                                  1
      U                                                               1                                                                                                                       1    1              1    1                                            1
    refuse                                                                      1         1                                                                                    1                                                 1
     Ali      1               1                                                 1    1    1    1                                                                                              1              1                   1    1                             1         1
     lit                  1                                      1                             1              1                                       1                                       1                                                                          1
    round                                                                                                          1                                       1    1         1
     end                                                                        1    1              1                                  1                   1              1                                                                               1
    boxing                    1               1        1    1                                                                                                                            1
    Liston                                                                                          1         1    1    1    1                   1    1    1    1    1              1    1
    medal                                                             1         1         1    1
     Clay     1                           1   1        1    1              1                        1              1    1    1    1    1         1    1    1    1         1
   amateur                                    1        1    1              1
     Viet                                                                                                                                                                                                                   1                                  1    1    1
    weigh             1                                               1                                            1         1
     cut                                               1                                                                                                        1    1    1         1
      ai          1                               1    1    1                   1                                  1    1                                                 1              1         1         1                        1                   1    1                   1
     hit                                                                        1                                                                          1    1                                                           1                                       1
    boxer         1   1                       1             1
     rate             1   1                                                               1                                       1                                                 1                                                                               1
     war                      1                                                      1                                                                1                                                                     1                   1    1
    fight                                     1                                                          1    1    1    1    1              1
     box          1   1       1           1   1        1    1                                                                                                                            1
---------------------------------------------------------------------------------------------------------------------------------------------------------------------------------------------------------------------------------------------------------------------------------------
